29
-513183 8277302 3333523
9508813 8175541 -8635961
3990664 1024120 4827882
-9716847 -1688401 -1996498
6660805 689715 5505082
-1944559 -3788170 6326220
79961 -6981147 -8063306
-5246351 1188647 6533385
-379221 7528598 686434
-1364779 3536582 -7476170
-3903048 -6976601 -9198867
9430475 -7467787 8976673
-9205486 6522877 794
5622396 6806029 8312392
-6374102 3466835 -997893
9130979 -8477724 5213936
5457200 1602237 8232789
7393893 6355885 -578564
3927278 -4023335 -3049965
-5386287 4611885 -9513383
-2862458 -9291162 -6489984
-2061326 -9860687 -3957771
-3084652 -9066173 -7434894
6916141 6556222 9371134
5228533 -9817879 2837970
-5769359 9313100 4360246
9444577 4770300 -4037517
7677366 2164193 -7681631
-2901197 -3908528 -1704967