12
88 1560 1516 1235 443 560 454 1328 1417 656 995 1982 526 0
405 164 73 310 379 42 361 259 15 422 271 62 189 24 447 0
163 164 177 218 233 234 128 155 60 252 146 126 234 208 0
489 453 497 18 302 244 33 212 0
400 25 28 347 70 0
847 549 230 758 34 846 996 16 405 473 950 213 0
83 320 66 101 110 309 134 321 310 228 209 334 255 0
1518 3260 5038 5910 5096 0
3670 2675 6304 6907 6452 5706 416 4324 0
79 503 210 188 299 343 509 96 58 205 430 313 248 321 0
3948 8483 8239 9756 4456 15578 15105 679 13008 11624 12089 13839 3886 0
100 147 120 194 40 35 192 88 64 38 46 0